4294967278,11
4294967278,12
4294967279,429
4294967278,358
4294967278,188
4294967278,357
4294967279,428
4294967278,185
4294967278,356
4294967278,14
4294967278,13
4294967279,427
4294967278,355
4294967278,15
4294967278,16
4294967279,426
4294967278,354
4294967279,425
4294967278,178
4294967279,424
4294967278,353
4294967279,423
4294967278,17
4294967279,422
4294967279,421
4294967278,171
4294967279,420
4294967278,19
4294967278,18
4294967278,352
4294967279,419
4294967278,22
4294967278,21
4294967278,20
4294967278,167
4294967279,418
4294967278,351
4294967279,417
4294967278,350
4294967278,349
4294967278,162
4294967278,161
4294967278,25
4294967278,24
4294967278,23
4294967279,416
4294967278,159
4294967279,415
4294967278,158
4294967278,348
4294967278,347
4294967278,346
4294967279,414
4294967278,345
4294967278,26
4294967279,413
4294967278,154
4294967278,28
4294967278,27
4294967278,344
4294967279,412
4294967279,411
4294967278,152
4294967278,343
4294967278,342
4294967279,410
4294967279,409
4294967278,29
4294967279,408
4294967278,147
4294967278,31
4294967278,30
4294967279,407
4294967278,341
4294967278,32
4294967278,340
4294967279,406
4294967278,33
4294967279,405
4294967278,339
4294967278,36
4294967278,35
4294967278,34
4294967279,24
4294967279,23
4294967279,21
4294967279,20
4294967279,19
4294967279,15
4294967279,13
4294967279,11
4294967279,404
4294967278,338
4294967279,403
4294967278,337
4294967294,186
4294967279,276
4294967279,17
4294967294,50
4294967278,336
4294967279,138
4294967279,278
4294967294,38
4294967294,37
4294967279,133
4294967279,272
16,5
16,4
4294967279,273
16,3
16,2
16,1
4294967279,289
4294967294,40
4294967294,1072
4294967294,1068
4294967294,1245
4294967294,29
4294967294,107
4294967294,76
4294967294,42
4294967294,1423
4294967294,393
4294967294,439
4294967294,45
4294967294,44
4294967294,43
4294967294,471
4294967294,469
4294967294,82
4294967294,92
4294967294,91
4294967294,88
4294967294,87
4294967294,85
4294967294,417
4294967294,52
4294967294,426
4294967279,288
4294967278,335
4294967279,287
4294967278,334
4294967279,402
4294967279,265
4294967279,401
4294967278,333
4294967279,263
4294967278,332
4294967294,83
4294967279,400
4294967278,331
4294967279,284
4294967278,330
4294967279,281
4294967278,329
4294967279,399
4294967278,328
4294967279,398
4294967278,327
4294967279,397
4294967278,256
4294967279,396
4294967278,326
4294967278,325
4294967279,395
4294967278,255
4294967279,394
4294967278,324
4294967279,393
4294967278,323
4294967279,392
4294967278,322
4294967278,321
4294967278,251
4294967279,391
4294967278,248
4294967278,247
4294967278,244
4294967278,243
4294967278,241
4294967278,239
4294967279,390
4294967278,320
4294967278,319
4294967279,389
4294967294,388
4294967278,234
4294967278,232
15,4
15,3
15,2
15,1
4294967278,230
4294967294,1246
4294967294,1086
4294967294,2
4294967294,1078
4294967294,46
4294967294,0
4294967294,1160
4294967294,69
4294967278,228
4294967278,227
4294967294,1163
4294967278,225
4294967278,223
4294967278,221
4294967278,219
4294967278,217
4294967278,215
4294967278,318
4294967278,260
4294967279,388
4294967278,317
4294967279,387
4294967278,316
4294967279,386
4294967278,315
4294967279,385
4294967278,314
4294967279,384
4294967278,313
4294967279,319
4294967278,312
4294967278,311
4294967279,318
4294967279,260
4294967279,0
4294967278,205
4294967294,470
4294967278,203
4294967294,94
4294967294,93
4294967294,96
4294967294,95
14,4
4294967278,202
14,3
14,2
14,1
4294967278,310
4294967278,0
4294967294,9
4294967294,8
0,7
4294967294,1
4294967294,430
4294967294,53
4294967294,1241
4294967294,413
4294967294,28
4294967294,90
4294967294,86
4294967294,84
4294967278,201
4294967294,166
4294967294,24
4294967294,175
4294967294,384
4294967294,169
4294967294,170
4294967294,1087
4294967294,27
4294967294,36
4294967294,81
4294967294,68
4294967294,12
4294967294,11
4294967278,132
4294967278,131
4294967278,130
4294967278,129
4294967278,128
4294967278,127
4294967278,126
4294967278,125
4294967278,124
4294967278,123
4294967278,122
4294967278,121
4294967278,120
4294967278,119
4294967278,118
4294967278,117
4294967278,116
4294967278,115
4294967278,114
4294967278,113
4294967278,112
4294967278,111
4294967278,110
4294967278,109
4294967278,108
4294967278,107
4294967278,106
4294967278,105
4294967278,104
4294967278,103
4294967278,102
4294967278,101
4294967278,100
4294967278,99
4294967278,98
4294967278,97
4294967278,96
4294967278,95
4294967278,94
4294967278,93
4294967278,92
4294967278,91
4294967278,90
4294967278,89
4294967278,87
4294967278,86
4294967278,85
4294967278,84
4294967278,83
4294967278,82
4294967278,81
4294967278,80
4294967278,79
4294967278,78
4294967278,77
4294967278,76
4294967278,75
4294967278,74
4294967278,73
4294967278,72
4294967278,71
4294967278,70
4294967278,69
4294967278,68
4294967278,67
4294967278,66
4294967278,65
4294967278,64
4294967278,63
